4.539262567322113751e-01 -2.106996915094590417e+00 2.560923171826801958e+00
4.512150659724807888e-01 -2.106996915094590417e+00 2.558211981067071150e+00
4.491996294229285147e-01 -2.106996915094590417e+00 2.556196544517518987e+00
4.491996294229285147e-01 -2.106996915094590417e+00 2.556196544517518987e+00
4.501718128759024107e-01 -2.106996915094590417e+00 2.557168727970492661e+00
4.558950217961311169e-01 -2.106996915094590417e+00 2.562891936890721478e+00
4.491996294229285147e-01 -2.106996915094590417e+00 2.556196544517518987e+00
4.564788135368712529e-01 -2.106996915094590417e+00 2.563475728631461781e+00
4.477780336544247564e-01 -2.106996915094590417e+00 2.554774948749015007e+00
4.477780336544247564e-01 -2.106996915094590417e+00 2.554774948749015007e+00
4.852460645370555992e-01 -2.106996915094590417e+00 2.592242979631646183e+00
4.526212422743035590e-01 -2.106996915094590417e+00 2.559618157368893865e+00
4.477780336544247564e-01 -2.106996915094590417e+00 2.554774948749015007e+00
4.562484330296775470e-01 -2.106996915094590417e+00 2.563245348124267853e+00
4.103710887256151185e-01 -2.106996915094590417e+00 2.517368003820205757e+00
4.103710887256151185e-01 -2.106996915094590417e+00 2.517368003820205757e+00
4.053567588421431722e-01 -2.106996915094590417e+00 2.512353673936733589e+00
3.969851807782341924e-01 -2.106996915094590417e+00 2.503982095872824498e+00
3.969851807782341924e-01 -2.106996915094590417e+00 2.503982095872824498e+00
4.113709565902261556e-01 -2.106996915094590417e+00 2.518367871684816350e+00
3.997333406795692268e-01 -2.106996915094590417e+00 2.506730255774159755e+00
3.994570662981476450e-01 -2.106996915094590417e+00 2.506453981392738228e+00
4.049029083674188234e-01 -2.106996915094590417e+00 2.511899823462009351e+00
3.961955894374290521e-01 -2.106996915094590417e+00 2.503192504532019580e+00
3.961943742104501731e-01 -2.106996915094590417e+00 2.503191289305040534e+00
4.050653633293400113e-01 -2.106996915094590417e+00 2.512062278423930373e+00
4.171848791911685339e-01 -2.106996915094590417e+00 2.524181794285758951e+00
3.982590573079158314e-01 -2.106996915094590417e+00 2.505255972402506082e+00
4.958680984452588092e-01 -2.106996915094590417e+00 2.602865013539849226e+00
4.383835580216863814e-01 -2.106996915094590417e+00 2.545380473116276576e+00
4.574582487811948983e-01 -2.106996915094590417e+00 2.564455163875785537e+00
4.763178214956532708e-01 -2.106996915094590417e+00 2.583314736590243577e+00
4.908578408728033748e-01 -2.106996915094590417e+00 2.597854755967393903e+00
4.323038811384726232e-01 -2.106996915094590417e+00 2.539300796233062929e+00
4.844253979132461252e-01 -2.106996915094590417e+00 2.591422313007836653e+00
4.968553792267215163e-01 -2.106996915094590417e+00 2.603852294321312044e+00
4.178923383612438425e-01 -2.106996915094590417e+00 2.524889253455834037e+00
3.945890660995913235e-01 -2.106996915094590417e+00 2.501585981194181851e+00
3.947218830552540192e-01 -2.106996915094590417e+00 2.501718798149844325e+00
3.945805745675818876e-01 -2.106996915094590417e+00 2.501577489662172304e+00
3.947958980470543944e-01 -2.106996915094590417e+00 2.501792813141644700e+00
3.951993631973106380e-01 -2.106996915094590417e+00 2.502196278291901166e+00
3.939609020804469841e-01 -2.106996915094590417e+00 2.500957817175037512e+00
3.943229583667152149e-01 -2.106996915094590417e+00 2.501319873461305576e+00
3.940726966646639351e-01 -2.106996915094590417e+00 2.501069611759254130e+00
3.936880874625219295e-01 -2.106996915094590417e+00 2.500685002557112568e+00
4.056432443350390105e-01 -2.106996915094590417e+00 2.512640159429629261e+00
4.013494773816310701e-01 -2.106996915094590417e+00 2.508346392476221709e+00
4.081709255478466192e-01 -2.106996915094590417e+00 2.515167840642436925e+00
4.170271602103194919e-01 -2.106996915094590417e+00 2.524024075304909687e+00
4.328810434195451418e-01 -2.106996915094590417e+00 2.539877958514135337e+00
4.053379458755294595e-01 -2.106996915094590417e+00 2.512334860970119710e+00
4.019461913956387522e-01 -2.106996915094590417e+00 2.508943106490229003e+00
4.464204654074547252e-01 -2.106996915094590417e+00 2.553417380502045031e+00
4.392965810773326041e-01 -2.106996915094590417e+00 2.546293496171923021e+00
4.276638314485428083e-01 -2.106996915094590417e+00 2.534660746543133225e+00
3.891044787004143135e-01 -2.106996915094590417e+00 2.496101393795004952e+00
3.891044787004143135e-01 -2.106996915094590417e+00 2.496101393795004952e+00
3.680264964504305070e-01 -2.106996915094590417e+00 2.475023411545020924e+00
3.738879115228113115e-01 -2.106996915094590417e+00 2.480884826617401728e+00
3.680264964504305070e-01 -2.106996915094590417e+00 2.475023411545020924e+00
6.076684134598676623e-01 -2.106996915094590417e+00 2.714665328554457968e+00
5.611605185118133665e-01 -2.106996915094590417e+00 2.668157433606404005e+00
4.302975576768589550e-01 -2.106996915094590417e+00 2.537294472771449261e+00
4.533723463992879732e-01 -2.106996915094590417e+00 2.560369261493878223e+00
4.072561479902359061e-01 -2.106996915094590417e+00 2.514253063084826323e+00
4.168505182494501859e-01 -2.106996915094590417e+00 2.523847433344040603e+00
4.670981546510893367e-01 -2.106996915094590417e+00 2.574095069745679698e+00
3.910838678421199033e-01 -2.106996915094590417e+00 2.498080782936710431e+00
3.839307499323529327e-01 -2.106996915094590417e+00 2.490927665026943405e+00
4.295601929193064716e-01 -2.106996915094590417e+00 2.536557108013896666e+00
5.527703468021327726e-01 -2.106996915094590417e+00 2.659767261896723411e+00
3.904065918452295780e-01 -2.106996915094590417e+00 2.497403506939820161e+00
6.429830806728222825e-01 -2.106996915094590417e+00 2.749979995767412699e+00
6.716976857173253546e-01 -2.106996915094590417e+00 2.778694600811915549e+00
3.680264964504305070e-01 -2.106996915094590417e+00 2.475023411545020924e+00
6.387674004701975328e-01 -2.106996915094590417e+00 2.745764315564787950e+00
3.632293603220265732e-01 -2.106996915094590417e+00 2.470226275416616879e+00
3.632293603220265732e-01 -2.106996915094590417e+00 2.470226275416616879e+00
2.622683776850114334e-01 -2.106996915094590417e+00 2.369265292779601850e+00
9.001382896520466748e-01 -2.106996915094590417e+00 3.007135204746637314e+00
5.847734552115547713e-01 -2.106996915094590417e+00 2.691770370306145299e+00
5.727438575660711573e-01 -2.106996915094590417e+00 2.679740772660661463e+00
4.009849473871834880e-01 -2.106996915094590417e+00 2.507981862481774016e+00
8.252193916906577220e-01 -2.106996915094590417e+00 2.932216306785248250e+00
8.960217992210293136e-01 -2.106996915094590417e+00 3.003018714315619953e+00
6.574416941632943434e-01 -2.106996915094590417e+00 2.764438609257884760e+00
7.888017902139323745e-01 -2.106996915094590417e+00 2.895798705308522791e+00
1.145358328710985640e+00 -2.106996915094590417e+00 3.252355243805576279e+00
8.493210645753113130e-01 -2.106996915094590417e+00 2.956317979669901952e+00
3.678293272771119282e-01 -2.106996915094590417e+00 2.474826242371702456e+00
2.521356927328677888e-01 -2.106996915094590417e+00 2.359132607827458372e+00
5.990803693744541913e-01 -2.106996915094590417e+00 2.706077284469044386e+00
3.722819979707951976e-01 -2.106996915094590417e+00 2.479278913065385836e+00
5.953994091407726064e-01 -2.106996915094590417e+00 2.702396324235363245e+00
2.163950981626079906e-01 -2.106996915094590417e+00 2.323392013257198574e+00
5.854245371433214329e-01 -2.106996915094590417e+00 2.692421452237911961e+00
4.710273438005954105e-01 -2.106996915094590417e+00 2.578024258895185827e+00
4.421164373647313850e-01 -2.106996915094590417e+00 2.549113352459321913e+00
2.257583586862517699e-01 -2.106996915094590417e+00 2.332755273780842131e+00
6.391780049894173477e-01 -2.106996915094590417e+00 2.746174920084007987e+00
3.343196200226344894e-01 -2.106996915094590417e+00 2.441316535117224795e+00
3.003260295594628038e-01 -2.106996915094590417e+00 2.407322944654053387e+00
2.311083901985291622e-01 -2.106996915094590417e+00 2.338105305293119773e+00
4.066403957711442474e-01 -2.106996915094590417e+00 2.513637310865734609e+00
3.880042389761910737e-01 -2.106996915094590417e+00 2.495001154070781269e+00
3.814801086526950491e-01 -2.106996915094590417e+00 2.488477023747285521e+00
4.787587052006836430e-01 -2.106996915094590417e+00 2.585755620295274060e+00
5.896215874914760846e-01 -2.106996915094590417e+00 2.696618502586066501e+00
2.900664054400768910e-01 -2.106996915094590417e+00 2.397063320534667419e+00
4.382241037758589641e-01 -2.106996915094590417e+00 2.545221018870449381e+00
1.877174461490304092e-01 -2.106996915094590417e+00 2.294714361243620715e+00
4.297474357899462860e-01 -2.106996915094590417e+00 2.536744350884536647e+00
3.562829643180567274e-01 -2.106996915094590417e+00 2.463279879412647144e+00
3.231066668570509171e-01 -2.106996915094590417e+00 2.430103581951641445e+00
1.191427586981094189e-01 -2.106996915094590417e+00 2.226139673792699725e+00
1.450774697842399374e-01 -2.106996915094590417e+00 2.252074384878830493e+00
1.960861812523849723e-01 -2.106996915094590417e+00 2.303083096346975278e+00
4.348617646460529174e-01 -2.106996915094590417e+00 2.541858679740643279e+00
1.020461829326340664e-01 -2.106996915094590417e+00 2.209043098027224428e+00
3.547339076388394963e-01 -2.106996915094590417e+00 2.461730822733430024e+00
2.153406749891997873e-01 -2.106996915094590417e+00 2.322337590083790371e+00
1.157172969932599993e-01 -2.106996915094590417e+00 2.222714212087850250e+00
8.562384363352257277e-02 -2.106996915094590417e+00 2.192620758728113017e+00
3.252073222373041417e-01 -2.106996915094590417e+00 2.432204237331894614e+00
1.093001915418513742e-01 -2.106996915094590417e+00 2.216297106636441860e+00
6.901556940239766957e-02 -2.106996915094590417e+00 2.176012484496987920e+00
3.219642904497463931e-01 -2.106996915094590417e+00 2.428961205544336810e+00
1.007880643493263700e-01 -2.106996915094590417e+00 2.207784979443916829e+00
2.329940622866246147e-01 -2.106996915094590417e+00 2.339990977381214865e+00
8.696856330317023764e-02 -2.106996915094590417e+00 2.193965478397760460e+00
6.004889530307502832e-02 -2.106996915094590417e+00 2.167045810397665306e+00
1.235911433122242192e-01 -2.106996915094590417e+00 2.230588058406814511e+00
1.168509967362755808e-01 -2.106996915094590417e+00 2.223847911830866053e+00
5.940425877306279578e-02 -2.106996915094590417e+00 2.166401173867653185e+00
6.254231926029155675e-01 -2.106996915094590417e+00 2.732420107697505873e+00
5.903512660544188440e-02 -2.106996915094590417e+00 2.166032041700032273e+00
6.509440836758068061e-02 -2.106996915094590417e+00 2.172091323462171264e+00
5.903512660544188440e-02 -2.106996915094590417e+00 2.166032041700032273e+00
5.357210144766871851e-02 -2.106996915094590417e+00 2.160569016542259302e+00
5.591833572057061663e-02 -2.106996915094590417e+00 2.162915250815161006e+00
6.451278688361344882e-02 -2.106996915094590417e+00 2.171509701978203921e+00
5.205538467132594938e-02 -2.106996915094590417e+00 2.159052299765916505e+00
6.186826344443699388e-02 -2.106996915094590417e+00 2.168865178539027383e+00
5.429718252574619597e-02 -2.106996915094590417e+00 2.161294097620336530e+00
7.367751019558990699e-02 -2.106996915094590417e+00 2.180674425290180185e+00
5.205538467132594938e-02 -2.106996915094590417e+00 2.159052299765916505e+00
7.512365391559064354e-02 -2.106996915094590417e+00 2.182120569010181033e+00
5.205538467132594938e-02 -2.106996915094590417e+00 2.159052299765916505e+00
5.198476755633890667e-02 -2.106996915094590417e+00 2.158981682650929379e+00
5.198476755633890667e-02 -2.106996915094590417e+00 2.158981682650929379e+00
6.390036978110535948e-02 -2.106996915094590417e+00 2.170897284875695554e+00
5.062933549384837639e-02 -2.106996915094590417e+00 2.157626250588438932e+00
6.042836549179145256e-02 -2.106996915094590417e+00 2.167425280586381842e+00
5.925488752137267334e-02 -2.106996915094590417e+00 2.166251802615962951e+00
6.546029161542804564e-02 -2.106996915094590417e+00 2.172457206710018518e+00
5.171895354505356979e-02 -2.106996915094590417e+00 2.158715868639644153e+00
1.378161384610109008e-01 -2.106996915094590417e+00 2.244813053555601456e+00
5.146680341209161624e-02 -2.106996915094590417e+00 2.158463718506681950e+00
1.219570222125437725e-01 -2.106996915094590417e+00 2.228953937307134314e+00
5.062933549384837639e-02 -2.106996915094590417e+00 2.157626250588438932e+00
1.335633645178292139e-01 -2.106996915094590417e+00 2.240560279612419770e+00
5.832042479159815773e-02 -2.106996915094590417e+00 2.165317339886188464e+00
1.220026230371560882e-01 -2.106996915094590417e+00 2.228999538131746672e+00
5.340396516067610899e-02 -2.106996915094590417e+00 2.160400880255266554e+00
6.985211497466653485e-02 -2.106996915094590417e+00 2.176849030069257118e+00
5.993952794596640876e-02 -2.106996915094590417e+00 2.166936443040556881e+00
7.054507991955299984e-02 -2.106996915094590417e+00 2.177541995014143250e+00
5.223367784007040826e-02 -2.106996915094590417e+00 2.159230592934660908e+00
4.587278982853942866e-02 -2.106996915094590417e+00 2.152869704923130012e+00
5.115656786792927013e-02 -2.106996915094590417e+00 2.158153482962519742e+00
4.621504880884072519e-02 -2.106996915094590417e+00 2.153211963903431059e+00
4.689616054667405942e-02 -2.106996915094590417e+00 2.153893075641264421e+00
6.959388887174072780e-02 -2.106996915094590417e+00 2.176590803966331311e+00
4.497139126011417964e-02 -2.106996915094590417e+00 2.151968306354704374e+00
5.511563995963339457e-02 -2.106996915094590417e+00 2.162112555054223950e+00
4.539853654197073540e-02 -2.106996915094590417e+00 2.152395451636561319e+00
5.438587888439141982e-02 -2.106996915094590417e+00 2.161382793978981809e+00
4.490063117979486984e-02 -2.106996915094590417e+00 2.151897546274385231e+00
4.615698845917620696e-02 -2.106996915094590417e+00 2.153153903553766568e+00
4.513300879494719364e-02 -2.106996915094590417e+00 2.152129923889537721e+00
6.121573762942178476e-02 -2.106996915094590417e+00 2.168212652724012202e+00
4.396302889831951721e-02 -2.106996915094590417e+00 2.150959943992909906e+00
4.735066120090530850e-02 -2.106996915094590417e+00 2.154347576295495781e+00
4.388157414605881046e-02 -2.106996915094590417e+00 2.150878489240649394e+00
4.430863913358001893e-02 -2.106996915094590417e+00 2.151305554228170269e+00
4.356271872164438341e-02 -2.106996915094590417e+00 2.150559633816234939e+00
4.512875246377731631e-02 -2.106996915094590417e+00 2.152125667558367539e+00
4.347955254583746321e-02 -2.106996915094590417e+00 2.150476467640427991e+00
4.846260826949994049e-02 -2.106996915094590417e+00 2.155459523364090302e+00
4.347955254583746321e-02 -2.106996915094590417e+00 2.150476467640427991e+00
5.693116746486065471e-02 -2.106996915094590417e+00 2.163928082559451127e+00
6.194347020914003910e-02 -2.106996915094590417e+00 2.168940385303730345e+00
1.616226679887673989e-01 -2.106996915094590417e+00 2.268619583083357760e+00
-7.158235847654709216e-02 -2.106996915094590417e+00 2.035414556618043491e+00
9.419002843594419250e-02 -2.106996915094590417e+00 2.201186943530534457e+00
-2.174095718313784342e-03 -2.106996915094590417e+00 2.104822819376276577e+00
8.113790839619805517e-02 -2.106996915094590417e+00 2.188134823490788250e+00
-4.489226230931930850e-02 -2.106996915094590417e+00 2.062104652785270886e+00
-1.719459954396179713e-03 -2.106996915094590417e+00 2.105277455140194043e+00
8.863845147487392495e-03 -2.106996915094590417e+00 2.115860760242077809e+00
7.320241765430113290e-03 -2.106996915094590417e+00 2.114317156860020752e+00
-1.897200404778812133e-02 -2.106996915094590417e+00 2.088024911046802323e+00
-9.285598703317260449e-02 -2.106996915094590417e+00 2.014140928061417757e+00
-8.376984396639172714e-02 -2.106996915094590417e+00 2.023227071128198773e+00
1.254962213832613860e-02 -2.106996915094590417e+00 2.119546537232916528e+00
-1.173362927042180814e-01 -2.106996915094590417e+00 1.989660622390372335e+00
-1.229434799083461427e-01 -2.106996915094590417e+00 1.984053435186244219e+00
-9.969221950080248140e-02 -2.106996915094590417e+00 2.007304695593787880e+00
5.933446277255504109e-01 -2.106996915094590417e+00 2.700341542820140717e+00
-1.229434799083461427e-01 -2.106996915094590417e+00 1.984053435186244219e+00
3.411600456832826200e-01 -2.106996915094590417e+00 2.448156960777873259e+00
-1.229434799083461427e-01 -2.106996915094590417e+00 1.984053435186244219e+00
7.213618435374752336e-01 -2.106996915094590417e+00 2.828358758632065761e+00
-9.065710057107409514e-02 -2.106996915094590417e+00 2.016339814523516516e+00
-7.797004363691920070e-02 -2.106996915094590417e+00 2.029026871457671355e+00
-1.229434799083461427e-01 -2.106996915094590417e+00 1.984053435186244219e+00
3.841706447126678192e-01 -2.106996915094590417e+00 2.491167559807258236e+00
3.020214409724583660e-02 -2.106996915094590417e+00 2.137199059191836170e+00
6.531796219788575941e-01 -2.106996915094590417e+00 2.760176537073447900e+00
2.394019927317267149e-01 -2.106996915094590417e+00 2.346398907826316993e+00
-8.610578450562439423e-02 -2.106996915094590417e+00 2.020891130588966078e+00
-2.355831251947749783e-01 -2.106996915094590417e+00 1.871413789899815328e+00
3.430403609996640624e-01 -2.106996915094590417e+00 2.450037276094254590e+00
1.821367773894751463e-01 -2.106996915094590417e+00 2.289133692484065730e+00
8.428785264731901428e-02 -2.106996915094590417e+00 2.191284767741909612e+00
-8.535542363279118028e-02 -2.106996915094590417e+00 2.021641491461799056e+00
4.799017682962515297e-01 -2.106996915094590417e+00 2.586898683390841835e+00
9.380388523033461601e-02 -2.106996915094590417e+00 2.200800800324925088e+00
1.413758031327695952e-01 -2.106996915094590417e+00 2.248372718227360068e+00
-7.260755932908362353e-02 -2.106996915094590417e+00 2.034389355765506835e+00
2.297379859872392127e-01 -2.106996915094590417e+00 2.336734901081829463e+00
-2.154074806379899232e-01 -2.106996915094590417e+00 1.891589434456600438e+00
1.735615700039978559e-01 -2.106996915094590417e+00 2.280558485098588051e+00
-1.529462885035241526e-01 -2.106996915094590417e+00 1.954050626591066209e+00
-3.246610875853225830e-02 -2.106996915094590417e+00 2.074530806336058131e+00
-2.719078821654941081e-02 -2.106996915094590417e+00 2.079806126878041006e+00
-3.233369787173189791e-01 -2.106996915094590417e+00 1.783659936377271382e+00
-8.384652967206532304e-02 -2.106996915094590417e+00 2.023150385422525233e+00
1.521780630618638219e-01 -2.106996915094590417e+00 2.259174978156454294e+00
-9.681393520726726265e-02 -2.106996915094590417e+00 2.010182979887323196e+00
-3.272189182757163917e-02 -2.106996915094590417e+00 2.074275023267018625e+00
-1.749781146050095881e-02 -2.106996915094590417e+00 2.089499103634089305e+00
-1.282289097365593433e-01 -2.106996915094590417e+00 1.978768005358030990e+00
-2.938614075671153181e-01 -2.106996915094590417e+00 1.813135507527475099e+00
-7.551943019378593025e-02 -2.106996915094590417e+00 2.031477484900804598e+00
-2.779174049003837466e-01 -2.106996915094590417e+00 1.829079510194206559e+00
-4.285974611168008042e-01 -2.106996915094590417e+00 1.678399453977789557e+00
-2.942835709595003069e-01 -2.106996915094590417e+00 1.812713344135090221e+00
-1.792255026875008705e-01 -2.106996915094590417e+00 1.927771412407089491e+00
-4.560658581536953249e-01 -2.106996915094590417e+00 1.650931056940895036e+00
-4.679706328143952154e-01 -2.106996915094590417e+00 1.639026282280195090e+00
-4.440187364240718582e-01 -2.106996915094590417e+00 1.662978178670518670e+00
-3.924744453593956850e-01 -2.106996915094590417e+00 1.714522469735194843e+00
-4.903100425521650374e-01 -2.106996915094590417e+00 1.616686872542425490e+00
-3.263265855085688560e-01 -2.106996915094590417e+00 1.780670329586021561e+00
-4.639068385488636093e-01 -2.106996915094590417e+00 1.643090076545726808e+00
-2.101542826419333654e-03 -2.106996915094590417e+00 2.104895372268170917e+00
-4.687155699054629809e-01 -2.106996915094590417e+00 1.638281345189127380e+00
-2.854107054444203206e-01 -2.106996915094590417e+00 1.821586209650170041e+00
-4.720919049105795073e-01 -2.106996915094590417e+00 1.634905010184010798e+00
-4.664312965766528318e-01 -2.106996915094590417e+00 1.640565618517937585e+00
-4.808717908805010821e-01 -2.106996915094590417e+00 1.626125124214089279e+00
-4.196640031161759099e-01 -2.106996915094590417e+00 1.687332911978414618e+00
-4.731320863122174813e-01 -2.106996915094590417e+00 1.633864828782372935e+00
-3.643536154675803829e-01 -2.106996915094590417e+00 1.742643299627010034e+00
-5.000835016094840046e-01 -2.106996915094590417e+00 1.606913413485106412e+00
3.131162100842355134e-03 -2.106996915094590417e+00 2.110128077195432716e+00
-4.599250850504061905e-01 -2.106996915094590417e+00 1.647071830044184226e+00
-3.618202387635017780e-01 -2.106996915094590417e+00 1.745176676331088750e+00
-5.023547277218611828e-01 -2.106996915094590417e+00 1.604642187372729234e+00
-2.506929950577085897e-01 -2.106996915094590417e+00 1.856303920036881827e+00
-5.000960448954954174e-01 -2.106996915094590417e+00 1.606900870199094999e+00
-4.162811658354330646e-01 -2.106996915094590417e+00 1.690715749259157352e+00
-5.023547277218611828e-01 -2.106996915094590417e+00 1.604642187372729234e+00
-4.449904664108491614e-01 -2.106996915094590417e+00 1.662006448683741144e+00
-5.105879356092792865e-01 -2.106996915094590417e+00 1.596408979485311130e+00
-4.405067933230052968e-01 -2.106996915094590417e+00 1.666490121771585065e+00
-5.331579838793027992e-01 -2.106996915094590417e+00 1.573838931215287618e+00
-5.234935374391807006e-01 -2.106996915094590417e+00 1.583503377655409716e+00
-5.322540389381924530e-01 -2.106996915094590417e+00 1.574742876156397964e+00
-5.201036747945184668e-01 -2.106996915094590417e+00 1.586893240300071950e+00
-5.331579838793027992e-01 -2.106996915094590417e+00 1.573838931215287618e+00
-5.087286782379427663e-01 -2.106996915094590417e+00 1.598268236856647651e+00
-5.331579838793027992e-01 -2.106996915094590417e+00 1.573838931215287618e+00
-2.437413412331355111e-01 -2.106996915094590417e+00 1.863255573861454906e+00
-5.322988165465725174e-01 -2.106996915094590417e+00 1.574698098548017899e+00
-4.493946674944396813e-01 -2.106996915094590417e+00 1.657602247600150847e+00
-5.321094881922312503e-01 -2.106996915094590417e+00 1.574887426902359167e+00
-3.394064329002972613e-01 -2.106996915094590417e+00 1.767590482194293156e+00
-5.109186006278628733e-01 -2.106996915094590417e+00 1.596078314466727655e+00
-3.764158886794773951e-01 -2.106996915094590417e+00 1.730581026415113133e+00
-5.331579838793027992e-01 -2.106996915094590417e+00 1.573838931215287618e+00
-4.717470026561176866e-01 -2.106996915094590417e+00 1.635249912438472730e+00
-5.182562168102341493e-01 -2.106996915094590417e+00 1.588740698284356156e+00
-4.322876885951592030e-01 -2.106996915094590417e+00 1.674709226499431214e+00
-4.304157848226987104e-01 -2.106996915094590417e+00 1.676581130271891595e+00
-4.837844159683004630e-01 -2.106996915094590417e+00 1.623212499126289954e+00
-4.691052019792616434e-01 -2.106996915094590417e+00 1.637891713115328773e+00
-4.250292925417856194e-01 -2.106996915094590417e+00 1.681967622552804853e+00
-5.488036500679542851e-01 -2.106996915094590417e+00 1.558193265026636132e+00
-4.762900352155414185e-01 -2.106996915094590417e+00 1.630706879879048943e+00
-5.097390257437012240e-01 -2.106996915094590417e+00 1.597257889350889304e+00
-4.286244180603503429e-01 -2.106996915094590417e+00 1.678372497034239963e+00
-5.458360750044553011e-01 -2.106996915094590417e+00 1.561160840090135116e+00
-4.372600043502777312e-01 -2.106996915094590417e+00 1.669736910744312741e+00
-5.488036500679542851e-01 -2.106996915094590417e+00 1.558193265026636132e+00
-5.388081905931811910e-01 -2.106996915094590417e+00 1.568188724501409226e+00
-5.421914353296161115e-01 -2.106996915094590417e+00 1.564805479764974194e+00
-4.481786688968612542e-01 -2.106996915094590417e+00 1.658818246197729218e+00
-5.493076767849960351e-01 -2.106996915094590417e+00 1.557689238309594382e+00
-4.978396223833557732e-01 -2.106996915094590417e+00 1.609157292711234533e+00
-5.477097244891276917e-01 -2.106996915094590417e+00 1.559287190605462836e+00
-5.424283076203487708e-01 -2.106996915094590417e+00 1.564568607474241535e+00
-5.447084585157456749e-01 -2.106996915094590417e+00 1.562288456578844631e+00
-5.455246367066814983e-01 -2.106996915094590417e+00 1.561472278387908919e+00
-5.395129189514720203e-01 -2.106996915094590417e+00 1.567483996143118397e+00
-5.457208229910740505e-01 -2.106996915094590417e+00 1.561276092103516255e+00
-5.496277876675839114e-01 -2.106996915094590417e+00 1.557369127427006505e+00
-2.256965017819724528e-01 -2.106996915094590417e+00 1.881300413312617881e+00
-5.561732561007393105e-01 -2.106996915094590417e+00 1.550823658993851106e+00
-4.629404491369569774e-01 -2.106996915094590417e+00 1.644056465957633328e+00
-5.488781708373753343e-01 -2.106996915094590417e+00 1.558118744257215083e+00
-2.465122705547704851e-01 -2.106996915094590417e+00 1.860484644539819987e+00
-5.539536688903967665e-01 -2.106996915094590417e+00 1.553043246204193650e+00
-4.764127612564149628e-01 -2.106996915094590417e+00 1.630584153838175343e+00
-5.550542270019849234e-01 -2.106996915094590417e+00 1.551942688092605493e+00
-5.820411443936694962e-01 -2.106996915094590417e+00 1.524955770700920921e+00
-5.866153269103331347e-01 -2.106996915094590417e+00 1.520381588184257282e+00
-5.208132183884220945e-01 -2.106996915094590417e+00 1.586183696706168433e+00
-5.820625046379594991e-01 -2.106996915094590417e+00 1.524934410456630918e+00
-4.229410518201181524e-01 -2.106996915094590417e+00 1.684055863274472209e+00
-4.905660961023688982e-01 -2.106996915094590417e+00 1.616430818992221408e+00
-2.871357120021226228e-01 -2.106996915094590417e+00 1.819861203092467683e+00
-4.772883729203651337e-01 -2.106996915094590417e+00 1.629708542174225228e+00
-5.299178691893321469e-01 -2.106996915094590417e+00 1.577079045905258159e+00
-5.392857111521578428e-01 -2.106996915094590417e+00 1.567711203942432574e+00
-3.357613205299061487e-01 -2.106996915094590417e+00 1.771235594564684268e+00
-5.311563520887369050e-01 -2.106996915094590417e+00 1.575840563005853401e+00
1.922796672535809215e-03 -2.106996915094590417e+00 2.108919711767126337e+00
-5.331063040564028022e-01 -2.106996915094590417e+00 1.573890611038187615e+00
5.734170043480577572e-01 -2.106996915094590417e+00 2.680413919442647952e+00
8.335118904961957842e-02 -2.106996915094590417e+00 2.190348104144209884e+00
5.751814675367994401e-02 -2.106996915094590417e+00 2.164515061848270250e+00
-4.407178789501938754e-01 -2.106996915094590417e+00 1.666279036144396652e+00
6.860200657545954817e-02 -2.106996915094590417e+00 2.175598921670049979e+00
-5.719055162762228806e-01 -2.106996915094590417e+00 1.535091398818367647e+00
4.200129407308665908e-01 -2.106996915094590417e+00 2.527009855825457230e+00
-5.728887243222227088e-01 -2.106996915094590417e+00 1.534108190772367708e+00
1.222801247848162576e-01 -2.106996915094590417e+00 2.229277039879406619e+00
-4.175100386263971286e-01 -2.106996915094590417e+00 1.689486876468193177e+00
-1.097992895759253851e-01 -2.106996915094590417e+00 1.997197625518664976e+00
-1.929417681769186599e-01 -2.106996915094590417e+00 1.914055146917671646e+00
-9.277332159127214817e-02 -2.106996915094590417e+00 2.014223593503318366e+00
-3.647744963640219273e-01 -2.106996915094590417e+00 1.742222418730568378e+00
3.704308810752187098e-01 -2.106996915094590417e+00 2.477427796169809238e+00
-5.981216490825305154e-01 -2.106996915094590417e+00 1.508875266012059901e+00
2.426846376270138106e-01 -2.106996915094590417e+00 2.349681552721604394e+00
-5.910859721782605325e-01 -2.106996915094590417e+00 1.515910942916329773e+00
2.860538576082536366e-01 -2.106996915094590417e+00 2.393050772702844053e+00
-5.981216490825305154e-01 -2.106996915094590417e+00 1.508875266012059901e+00
1.872161894063650855e-01 -2.106996915094590417e+00 2.294213104500955502e+00
-5.981216490825305154e-01 -2.106996915094590417e+00 1.508875266012059901e+00
-1.872018331174507555e-01 -2.106996915094590417e+00 1.919795081977139661e+00
-5.981216490825305154e-01 -2.106996915094590417e+00 1.508875266012059901e+00
-1.832256880960761447e-01 -2.106996915094590417e+00 1.923771226998514328e+00
-4.731554927035402369e-01 -2.106996915094590417e+00 1.633841422391050235e+00
8.593519126830212462e-02 -2.106996915094590417e+00 2.192932106362892597e+00
-6.138339259318511543e-01 -2.106996915094590417e+00 1.493162989162739152e+00
-3.870888828789723624e-01 -2.106996915094590417e+00 1.719908032215617943e+00
-3.258892412479224565e-01 -2.106996915094590417e+00 1.781107673846668016e+00
-2.223863312456592078e-01 -2.106996915094590417e+00 1.884610583848931320e+00
-5.963111660252882196e-01 -2.106996915094590417e+00 1.510685749069302197e+00
-1.868750219720936856e-02 -2.106996915094590417e+00 2.088309412897380923e+00
-5.601990052874911141e-01 -2.106996915094590417e+00 1.546797909807099192e+00
-9.626993910899253604e-02 -2.106996915094590417e+00 2.010726975985597687e+00
-3.941652063061413802e-01 -2.106996915094590417e+00 1.712831708788449037e+00
-6.900195077619103445e-03 -2.106996915094590417e+00 2.100096720016971119e+00
-5.956371074841414481e-01 -2.106996915094590417e+00 1.511359807610448858e+00
-5.616871467491095782e-01 -2.106996915094590417e+00 1.545309768345480839e+00
-6.502505307580180860e-01 -2.106996915094590417e+00 1.456746384336572220e+00
-6.858243500562106743e-01 -2.106996915094590417e+00 1.421172565038379743e+00
-7.680408718958955383e-01 -2.106996915094590417e+00 1.338956043198694879e+00
-5.410419191672648509e-01 -2.106996915094590417e+00 1.565954995927325566e+00
-7.786073793796470799e-01 -2.106996915094590417e+00 1.328389535714943337e+00
-6.834002272825010493e-01 -2.106996915094590417e+00 1.423596687812089367e+00
-6.935590111008130831e-01 -2.106996915094590417e+00 1.413437903993777223e+00
-5.442421471990819271e-01 -2.106996915094590417e+00 1.562754767895508490e+00
-6.862943313232825471e-01 -2.106996915094590417e+00 1.420702583771307870e+00
-9.887492550889923071e-02 -2.106996915094590417e+00 2.008121989585691214e+00
-7.427589310062117089e-01 -2.106996915094590417e+00 1.364237984088378708e+00
-7.195083203638110714e-01 -2.106996915094590417e+00 1.387488594730779345e+00
-7.623384157111388060e-01 -2.106996915094590417e+00 1.344658499383451611e+00
-4.670017692790193742e-01 -2.106996915094590417e+00 1.639995145815571043e+00
-7.390806652543425725e-01 -2.106996915094590417e+00 1.367916249840247733e+00
-4.850603088527193352e-01 -2.106996915094590417e+00 1.621936606241871193e+00
-7.879803483282667997e-01 -2.106996915094590417e+00 1.319016566766323617e+00
-7.362976305453482473e-01 -2.106996915094590417e+00 1.370699284549242059e+00
-7.865511311972999131e-01 -2.106996915094590417e+00 1.320445783897290504e+00
-7.577151219346691668e-01 -2.106996915094590417e+00 1.349281793159921250e+00
-7.704427267963365189e-01 -2.106996915094590417e+00 1.336554188298253898e+00
-7.829566206077838153e-01 -2.106996915094590417e+00 1.324040294486806602e+00
-7.765555841870142029e-01 -2.106996915094590417e+00 1.330441330907576214e+00
-7.642546486991295129e-01 -2.106996915094590417e+00 1.342742266395460904e+00
-7.573004784939769696e-01 -2.106996915094590417e+00 1.349696436600613447e+00
-4.566633402210980575e-01 -2.106996915094590417e+00 1.650333574873492415e+00
-7.320959613917297215e-01 -2.106996915094590417e+00 1.374900953702860695e+00
-5.059535789554445717e-01 -2.106996915094590417e+00 1.601043336139145845e+00
-7.416452379811553364e-01 -2.106996915094590417e+00 1.365351677113435080e+00
-6.679241755911257128e-01 -2.106996915094590417e+00 1.439072739503464593e+00
-7.489281188300846992e-01 -2.106996915094590417e+00 1.358068796264505718e+00
-7.622650803250279328e-01 -2.106996915094590417e+00 1.344731834769562484e+00
-7.566689847080516618e-01 -2.106996915094590417e+00 1.350327930386538755e+00
-7.307482444371815600e-01 -2.106996915094590417e+00 1.376248670657408857e+00
-7.926960456814717837e-01 -2.106996915094590417e+00 1.314300869413118633e+00
-7.492984383306109386e-01 -2.106996915094590417e+00 1.357698476763979478e+00
-7.858878883096345191e-01 -2.106996915094590417e+00 1.321109026784955898e+00
-7.819641320439986165e-01 -2.106996915094590417e+00 1.325032783050591689e+00
-7.725208402751887471e-01 -2.106996915094590417e+00 1.334476074819401781e+00
-7.274126912854279592e-01 -2.106996915094590417e+00 1.379584223809162458e+00
-7.353558624464776594e-01 -2.106996915094590417e+00 1.371641052648112868e+00
-6.683450495744489572e-01 -2.106996915094590417e+00 1.438651865520141460e+00
-7.911575243660728951e-01 -2.106996915094590417e+00 1.315839390728517522e+00
-7.596962493150348772e-01 -2.106996915094590417e+00 1.347300665779555651e+00
-7.926868438784573367e-01 -2.106996915094590417e+00 1.314310071216133080e+00
-4.663148674052856602e-01 -2.106996915094590417e+00 1.640682047689304701e+00
-7.926960456814717837e-01 -2.106996915094590417e+00 1.314300869413118633e+00
-5.573512599040402193e-01 -2.106996915094590417e+00 1.549645655190550197e+00
-7.852952440006563117e-01 -2.106996915094590417e+00 1.321701671093934216e+00
-6.254537081863038583e-01 -2.106996915094590417e+00 1.481543206908286558e+00
-7.764244881561408462e-01 -2.106996915094590417e+00 1.330572426938449571e+00
-6.996519836034614803e-01 -2.106996915094590417e+00 1.407344931491128825e+00
-7.908784711244957188e-01 -2.106996915094590417e+00 1.316118443970094809e+00
-7.453715033853771654e-01 -2.106996915094590417e+00 1.361625411709213251e+00
-7.927794787926514264e-01 -2.106996915094590417e+00 1.314217436301938990e+00
-6.583270939999648075e-01 -2.106996915094590417e+00 1.448669821094625609e+00
-7.963362259082157335e-01 -2.106996915094590417e+00 1.310660689186374572e+00
-4.349544629829780185e-01 -2.106996915094590417e+00 1.672042452111612398e+00
-7.214706435632363135e-01 -2.106996915094590417e+00 1.385526271531354103e+00
-6.061518117685533724e-01 -2.106996915094590417e+00 1.500845103326037044e+00
-7.978920842123607970e-01 -2.106996915094590417e+00 1.309104830882229731e+00
-6.679965873395108389e-01 -2.106996915094590417e+00 1.439000327755079578e+00
-7.775916814725043480e-01 -2.106996915094590417e+00 1.329405233622086069e+00
-7.527217705275816018e-01 -2.106996915094590417e+00 1.354275144567008926e+00
-7.978920842123607970e-01 -2.106996915094590417e+00 1.309104830882229731e+00
-7.594685926094704165e-01 -2.106996915094590417e+00 1.347528322485120000e+00
-7.978920842123607970e-01 -2.106996915094590417e+00 1.309104830882229731e+00
-7.776681594183857404e-01 -2.106996915094590417e+00 1.329328755676204565e+00
-7.817487384511475623e-01 -2.106996915094590417e+00 1.325248176643442743e+00
-7.844537901385998380e-01 -2.106996915094590417e+00 1.322543124955990468e+00
-7.901793863226991288e-01 -2.106996915094590417e+00 1.316817528771891288e+00
-7.890141801887475825e-01 -2.106996915094590417e+00 1.317982734905842834e+00
-7.767322492486619101e-01 -2.106996915094590417e+00 1.330264665845928507e+00
-7.819225255911191885e-01 -2.106996915094590417e+00 1.325074389503471117e+00
-7.982661406922351155e-01 -2.106996915094590417e+00 1.308730774402355301e+00
-7.961894608687347663e-01 -2.106996915094590417e+00 1.310807454225855651e+00
-7.921447683293272313e-01 -2.106996915094590417e+00 1.314852146765263186e+00
-7.644414256525728923e-01 -2.106996915094590417e+00 1.342555489442017524e+00
-7.946743891856055120e-01 -2.106996915094590417e+00 1.312322525908984794e+00
3.421937026249689540e-01 -2.106996915094590417e+00 2.449190617719559260e+00
-7.939075370766449646e-01 -2.106996915094590417e+00 1.313089378017945563e+00
2.420229012822138204e-01 -2.106996915094590417e+00 2.349019816376804126e+00
-6.433751972398165098e-01 -2.106996915094590417e+00 1.463621717854773907e+00
-6.300924114648948082e-02 -2.106996915094590417e+00 2.043987673948100880e+00
-8.559315532525562098e-01 -2.106996915094590417e+00 1.251065361842034207e+00
1.160237840170845469e-01 -2.106996915094590417e+00 2.223020699111674769e+00
3.490574096386561687e-02 -2.106996915094590417e+00 2.141902656058455978e+00
-4.166206367621847484e-01 -2.106996915094590417e+00 1.690376278332405668e+00
-8.258327742462280296e-01 -2.106996915094590417e+00 1.281164140848362276e+00
-3.351523232606519465e-02 -2.106996915094590417e+00 2.073481682768525403e+00
-7.693175931553806191e-01 -2.106996915094590417e+00 1.337679321939209798e+00
-6.421172508126272716e-01 -2.106996915094590417e+00 1.464879664281963034e+00
-8.424434662533133444e-01 -2.106996915094590417e+00 1.264553448841277072e+00
-6.239177885524727074e-01 -2.106996915094590417e+00 1.483079126542117709e+00
-8.103727625652445976e-01 -2.106996915094590417e+00 1.296624152529345819e+00
-4.045265104842729609e-01 -2.106996915094590417e+00 1.702470404610317400e+00
-7.757595636318549426e-01 -2.106996915094590417e+00 1.331237351462735585e+00
-4.261429421063182010e-01 -2.106996915094590417e+00 1.680853972988272105e+00
-6.867639202240209961e-01 -2.106996915094590417e+00 1.420232994870569421e+00
-1.890164628650693734e-01 -2.106996915094590417e+00 1.917980452229520960e+00
-8.604461608172541132e-01 -2.106996915094590417e+00 1.246550754277336193e+00
-9.625298663455034154e-02 -2.106996915094590417e+00 2.010743928460040131e+00
-7.191135789860940708e-01 -2.106996915094590417e+00 1.387883336108496346e+00
-3.819370241499659979e-01 -2.106996915094590417e+00 1.725059890944624419e+00
-5.235685536679182128e-01 -2.106996915094590417e+00 1.583428361426672204e+00
-4.593462021033121179e-01 -2.106996915094590417e+00 1.647650712991278299e+00
-8.356575811453105240e-01 -2.106996915094590417e+00 1.271339333949280004e+00
1.198910257397139967e-02 -2.106996915094590417e+00 2.118986017668561761e+00
-8.741839777918183341e-01 -2.106996915094590417e+00 1.232812937302772083e+00
-1.492345552487031601e-01 -2.106996915094590417e+00 1.957762359845887312e+00
-1.037735277532950917e+00 -2.106996915094590417e+00 1.069261637561639500e+00
-1.649283527714717756e-01 -2.106996915094590417e+00 1.942068562323118641e+00
-9.946522720654820127e-01 -2.106996915094590417e+00 1.112344643029108404e+00
-6.445617275315854711e-01 -2.106996915094590417e+00 1.462435187563004835e+00
-1.015593950738431062e+00 -2.106996915094590417e+00 1.091402964356159355e+00
-9.541885351018668526e-01 -2.106996915094590417e+00 1.152808379992723564e+00
-1.021383942510121434e+00 -2.106996915094590417e+00 1.085612972584468983e+00
-6.297051153074513241e-01 -2.106996915094590417e+00 1.477291799787139093e+00
-1.045717124704924839e+00 -2.106996915094590417e+00 1.061279790389665578e+00
-9.808529068360081205e-01 -2.106996915094590417e+00 1.126144008258582296e+00
-1.043468565559347638e+00 -2.106996915094590417e+00 1.063528349535242779e+00
-1.258258593417369564e-01 -2.106996915094590417e+00 1.981171055752853460e+00
-1.204857389431805981e+00 -2.106996915094590417e+00 9.021395256627844361e-01
-7.583673672989834635e-01 -2.106996915094590417e+00 1.348629547795606953e+00
-1.179259709728584404e+00 -2.106996915094590417e+00 9.277372053660060125e-01
-2.965785258923308576e-01 -2.106996915094590417e+00 1.810418389202259615e+00
-1.204857389431805981e+00 -2.106996915094590417e+00 9.021395256627844361e-01
-8.435874979322915967e-01 -2.106996915094590417e+00 1.263409417162298709e+00
-1.204857389431805981e+00 -2.106996915094590417e+00 9.021395256627844361e-01
-1.042413211519070071e+00 -2.106996915094590417e+00 1.064583703575520346e+00
-1.204857389431805981e+00 -2.106996915094590417e+00 9.021395256627844361e-01
-1.021018999050070430e+00 -2.106996915094590417e+00 1.085977916044519986e+00
-1.132461575932895315e+00 -2.106996915094590417e+00 9.745353391616951022e-01
-1.048925578747128107e+00 -2.106996915094590417e+00 1.058071336347462310e+00
-1.147163437017264087e+00 -2.106996915094590417e+00 9.598334780773263297e-01
-9.933690926691731704e-01 -2.106996915094590417e+00 1.113627822425417246e+00
-1.172877165755453976e+00 -2.106996915094590417e+00 9.341197493391364404e-01
-6.525368943100660069e-01 -2.106996915094590417e+00 1.454460020784524410e+00
-1.051447341600840302e+00 -2.106996915094590417e+00 1.055549573493750115e+00
-5.281581201326331909e-01 -2.106996915094590417e+00 1.578838794961957337e+00
-1.143248052433720074e+00 -2.106996915094590417e+00 9.637488626608703424e-01
-9.814778554455131365e-01 -2.106996915094590417e+00 1.125519059649077391e+00
-1.184719268657370872e+00 -2.106996915094590417e+00 9.222776464372195449e-01
-1.060451057598595703e+00 -2.106996915094590417e+00 1.046545857495994714e+00
-1.235310984584951699e+00 -2.106996915094590417e+00 8.716859305096387178e-01
9.144437442761632617e-02 -2.106996915094590417e+00 2.198441289522206965e+00
-1.121371223562732888e+00 -2.106996915094590417e+00 9.856256915318575285e-01
-1.079744420661687965e+00 -2.106996915094590417e+00 1.027252494432902452e+00
-1.162528640037636896e+00 -2.106996915094590417e+00 9.444682750569535212e-01
-9.975603723058398264e-01 -2.106996915094590417e+00 1.109436542788750479e+00
-1.108904831199656105e+00 -2.106996915094590417e+00 9.980920838949343121e-01
-2.627249585287466660e-02 -2.106996915094590417e+00 2.080724419241715584e+00
-1.196919260631120752e+00 -2.106996915094590417e+00 9.100776544634696652e-01
-9.288166245119475750e-01 -2.106996915094590417e+00 1.178180290582642842e+00
-1.220472117695902803e+00 -2.106996915094590417e+00 8.865247973986876140e-01
-5.819631845539853243e-01 -2.106996915094590417e+00 1.525033730540604981e+00
-1.260134107738720477e+00 -2.106996915094590417e+00 8.468628073558699398e-01
-8.820542464211313938e-01 -2.106996915094590417e+00 1.224942668673459023e+00
-1.248426214411606949e+00 -2.106996915094590417e+00 8.585707006829834675e-01
-8.188918438147996248e-01 -2.106996915094590417e+00 1.288105071279790792e+00
-1.235893851368602636e+00 -2.106996915094590417e+00 8.711030637259877807e-01
-1.273155127171925693e+00 -2.106996915094590417e+00 8.338417879226647234e-01
-1.244451369168712240e+00 -2.106996915094590417e+00 8.625455459258781765e-01
-1.278928321680732783e+00 -2.106996915094590417e+00 8.280685934138576343e-01
-1.265139402127484658e+00 -2.106996915094590417e+00 8.418575129671057589e-01
-1.279666293790486353e+00 -2.106996915094590417e+00 8.273306213041040635e-01
-1.258583193601805483e+00 -2.106996915094590417e+00 8.484137214927849335e-01
-1.255082029336848093e+00 -2.106996915094590417e+00 8.519148857577423239e-01
-1.277293225895078432e+00 -2.106996915094590417e+00 8.297036891995119845e-01
-1.286698624897218979e+00 -2.106996915094590417e+00 8.202982901973714380e-01
-1.271202478342288611e+00 -2.106996915094590417e+00 8.357944367523018059e-01
-1.290062401722374741e+00 -2.106996915094590417e+00 8.169345133722156760e-01
-1.264069427711030924e+00 -2.106996915094590417e+00 8.429274873835594928e-01
-1.289042775361649573e+00 -2.106996915094590417e+00 8.179541397329408436e-01
-1.289367283095113503e+00 -2.106996915094590417e+00 8.176296319994769135e-01
-1.287711513833977195e+00 -2.106996915094590417e+00 8.192854012606132219e-01
-1.178138774495368413e+00 -2.106996915094590417e+00 9.288581405992220041e-01
-1.259837860093602435e+00 -2.106996915094590417e+00 8.471590550009879816e-01
-1.065025653751505930e+00 -2.106996915094590417e+00 1.041971261343084487e+00
-1.238671103500383008e+00 -2.106996915094590417e+00 8.683258115942074085e-01
-1.183250075912543053e+00 -2.106996915094590417e+00 9.237468391820473634e-01
-1.271085626051223993e+00 -2.106996915094590417e+00 8.359112890433664234e-01
-1.153001674949720279e+00 -2.106996915094590417e+00 9.539952401448701380e-01
-1.271624924034844728e+00 -2.106996915094590417e+00 8.353719910597456888e-01
-1.282084166990007823e+00 -2.106996915094590417e+00 8.249127481045825938e-01
