3.278841703998869761e+00
5.407835023690807930e+00
1.670644976664436232e+00
1.570616044633916575e+00
2.010136403065679644e+00
5.039328304781729440e-01
1.099633380650606895e+00
4.199704126453989161e+00
5.433734067233350729e+00
3.731111224068294430e+00
5.579601172940441778e+00
4.723125936797208269e+00
4.515120612076689355e+00
2.196993236909815739e+00
5.225177991849729864e+00
7.442550591052448539e+00
1.670912631796093395e+00
1.443292567935112736e+00
2.230942552029630210e+00
1.226680774051927880e+00
2.769255054149204032e+00
5.997434974424029619e+00
3.346624371821664834e+00
6.166266258901115904e+00
3.006332878416694054e+00
1.184287623188462035e+00
5.003441276382410763e+00
4.012673680325060666e+00
5.759479378228691715e+00
2.077621807791628417e+00
4.370712827536924472e+00
4.922401912641934274e+00
3.991723918127303428e+00
3.381192772992210660e+00
6.190617343646126258e+00
1.117261182065137470e+00
5.466858299516533570e+00
1.348492459451081427e+00
8.449074674720170819e+00
1.409608205598566144e+00
4.021996273297774316e+00
4.081912515499605654e+00
1.276758993459245761e-01
8.517741424104087189e-01
6.640312933419941999e+00
5.644508888195074903e+00
5.405913981063866558e+00
8.825776767672136591e-01
4.422445643386029523e+00
5.311747297256134148e-01
1.605706696612577700e+00
2.448816628654459926e+00
5.672180201980975056e+00
4.553870054562628944e+00
3.377188563188246562e+00
3.945127307658884419e+00
4.086908053887629677e+00
1.042375406435240182e+00
1.758697254772435770e+00
3.045726917352899576e+00
4.168674705782633438e+00
3.887321000685509453e+00
5.905324821622133236e+00
4.445301760606394481e+00
3.528906458322131012e+00
6.730851326278980196e+00
3.132593072648421906e-01
7.970731928457543969e-01
5.676598995375258916e+00
3.203406628890505203e+00
1.092402067334840021e-01
5.875994348357231445e+00
1.111254052100103307e+00
2.544781722869769780e+00
1.108418517672951076e+00
2.276309856330715586e+00
2.677661114731111791e+00
5.200918483707497320e-01
4.492440803033423080e+00
3.189352839039430787e+00
6.449928506993850563e-01
8.644958707037554424e-01
4.787919018665391491e+00
8.817642323835972462e-01
8.483577997596318809e-01
5.729419548439437904e+00
4.028746256227023537e+00
4.178189837913151905e+00
3.794562438443298547e+00
5.479221461748456257e+00
6.976707236959102332e+00
5.392031088222352331e+00
5.367487696561293653e+00
1.916321214836124720e-01
6.090873572439207351e+00
5.845822968358203475e+00
1.586254383914684762e+00
6.215182822042214283e+00
5.093883683713801958e+00
4.804621101550708318e+00
1.921550108363401455e+00
2.770242368098682295e+00
3.779291124979340388e+00
3.656859389052819154e+00
5.242310914695674562e+00
5.389802962170458400e+00
1.134193948676373687e+00
4.555860047479047381e+00
2.803680500248642904e+00
5.881355164175723793e+00
2.421068252971417589e+00
2.864110406451346069e+00
1.707663858182707051e+00
4.422694834361856842e+00
4.334393959396275697e+00
2.814585069723058108e+00
4.639326477059186438e+00
4.273565284954099930e+00
6.144830530157498139e+00
6.641060683269788711e+00
3.187113850068124865e+00
4.099842994237591576e+00
2.549832351654723883e+00
3.054610048445495440e+00
3.463919560494216343e-01
6.646426973303343644e+00
1.984250473216825350e+00
5.475522083873556767e+00
4.305456010793759170e+00
5.182302563781109317e-01
3.610764235107888354e+00
6.040983878319511113e+00
