3.372571714527167863e+00
4.136504464923004498e+00
3.086942179247130214e-01
6.155931699328721862e+00
3.536413191235993736e+00
5.423502999452574080e+00
2.323023095245224656e+00
6.185526350959354325e+00
5.683927388496277544e+00
2.065794856675190694e+00
2.631838412375695491e+00
5.720533317163322806e+00
3.829453316260734930e+00
2.488913111766831499e+00
2.787215704581355702e+00
5.389119756356947732e+00
2.634077406075328032e+00
8.797166407027682267e-01
3.926975318979094798e+00
3.927010087864259535e+00
4.204477400036654267e+00
3.519207837112170001e+00
2.771499874550791276e+00
5.973622527283859007e+00
3.612070659898944935e+00
2.252835490815274788e+00
3.100470333051262628e+00
8.071719994464534587e-01
3.771156970834407041e+00
2.777524569308907676e+00
4.027112978031658908e-01
4.285598934451669173e+00
6.094875473709443270e+00
6.227236343160380549e-01
2.434117090771277692e+00
5.945327962401464106e+00
4.383096107774136385e+00
1.661272208177448917e+00
3.135427849192298666e+00
7.774210896756155176e-01
5.489839347359106725e+00
5.158144101757093480e+00
2.054786481706642132e+00
2.534191237512191996e+00
3.615494206191565141e+00
3.134258595437981576e+00
6.401171392700835683e-02
3.204068765000939845e+00
4.559781796156485711e+00
3.783152891822004982e+00
5.641309970953089170e+00
5.736172152423104187e+00
2.958525086042129715e+00
1.529532522658070937e+00
1.235258220268082185e+00
2.471728397682226408e+00
3.189610578376075978e+00
5.442226047682403589e+00
1.201198682608200397e+00
3.694762730207802992e+00
3.268806827431460338e+00
2.194981874086957774e+00
5.126470308679472510e+00
5.911441295049095324e+00
5.061310471074431661e+00
1.278761586550939633e+00
5.921419770855737674e+00
2.240534467499438964e+00
4.855655366525690297e+00
1.431363266198556028e+00
4.551686324638389181e+00
6.217148067600046346e+00
6.172011720265796697e+00
2.460376100165398316e+00
1.222816263179358431e+00
2.030035230297655424e+00
1.888939777515848961e+00
5.101031666822181343e+00
2.066579524967990800e+00
5.762900926139987057e+00
2.940667392746873166e+00
1.564510907980307897e+00
1.145224085405462278e+00
4.201632712633805333e+00
1.645884512830211088e+00
5.708553353833274890e+00
5.700109818412724572e+00
1.570489520310106357e+00
5.633442894513015275e+00
2.490825431268361534e+00
4.701471585882122994e+00
4.588450654702976195e+00
9.833296266054306622e-01
2.934155390961031173e+00
3.411571918979093621e+00
2.850701510715274889e+00
5.449709433959294635e+00
7.988153995031485044e-01
4.902967397045260967e+00
1.605138690961774195e+00
4.247556234285716492e+00
3.530783028962548808e+00
1.495575251011798112e-01
3.891636959130053697e+00
9.903400984828223397e-01
2.202109724318223716e+00
2.039804165598503971e+00
1.832633829467908537e+00
6.475147442789780383e-01
5.777023122222948004e+00
4.636998277639690080e+00
1.230519004471410938e+00
2.715708389689685642e+00
7.473519937253318979e-01
2.123962794096604600e+00
4.337951643936332147e+00
5.765089913624183993e+00
4.889643970110427951e+00
1.669173533470735382e+00
-7.383884556830486723e-01
1.660693726310555451e+00
5.969857755240989938e+00
4.169676721085801674e+00
2.226233107424999247e+00
9.154523575883400932e-01
2.091639422454992570e+00
2.356194490192345281e+00
5.497787143782137953e+00
-8.001087848670306382e-03
5.470142947930993316e+00
3.901747933215871988e+00
2.287072448549801962e+00
5.506249784887529586e+00
2.238716439856525131e+00
6.210782202295233922e+00
1.003079608722645455e+00
3.163534689465287819e+00
3.697305091545479705e+00
6.429185804381345459e-01
4.066213200428799190e+00
3.082904754512341694e-01
2.692501227462112734e+00
2.276293821342581403e+00
8.310483911757806652e-01
2.530203670459351351e+00
5.304614817058904919e+00
5.159865933613582811e+00
2.935691419849270734e+00
3.700468788921925101e-01
3.568451338939307327e+00
